0.354710344104
0.354710344104
0.354597007311
0.368456655558
0.381924505608
0.372016359836
0.360343399647
0.365911034575
0.436588428023
0.37004754891
0.385961593442
0.385966954181
0.354710344104
0.354710344104
0.354710344104
0.354710344104
0.354710344104
0.354710344104
0.354710344104
0.359934404613
0.354512909979
0.354710344104
0.355109913713
0.354828383347
0.354131934038
0.35889451081
0.354604550057
0.361086773276
0.359189476094
0.355418961873
0.359102158257
0.35574160825
0.35479654079
0.355033948234
0.361329581551
0.355625924171
0.358991780195
0.355656137611
0.354583041579
0.355082858538
0.355854656746
0.353265198853
0.355451205519
0.360229999196
0.35535461861
0.358188189537
0.35494508977
0.359812403025
0.359562829859
0.355734441987
0.36088215439
0.354727269353
0.354657268622
0.360759432688
0.367104864022
0.366128979247
0.357070335518
0.354283561395
0.35562102126
0.354710344104
0.354710344104
0.378735192699
0.366118341397
0
0
0
0.384872637331
0.363540843196
0.362671491731
0.366378571943
0.365172356173
0.356537619961
0
